// PatSize	  TextSize	  Naive-RT	    KMP-RT
        10	     10000	      1710	       915
       100	     10000	      1729	       454
      1000	     10000	       166	      1056
        10	     20000	       291	       828
       100	     20000	       253	       778
      1000	     20000	       271	       363
     10000	     20000	       388	       991
        10	     30000	       372	       361
       100	     30000	       321	       336
      1000	     30000	       291	       431
     10000	     30000	       489	      1186
        10	     40000	       409	       356
       100	     40000	       539	       379
      1000	     40000	       617	       363
     10000	     40000	       430	       514
        10	     50000	       534	       616
       100	     50000	       492	       435
      1000	     50000	       564	       476
     10000	     50000	       558	       556
        10	     60000	       709	       527
       100	     60000	       617	       539
      1000	     60000	       599	       593
     10000	     60000	       610	       898
        10	     70000	       719	       675
       100	     70000	       714	       672
      1000	     70000	       913	       674
     10000	     70000	       884	       925
        10	     80000	       943	       832
       100	     80000	      1043	       772
      1000	     80000	      1078	      1028
     10000	     80000	       916	       838
        10	     90000	      1006	      1009
       100	     90000	      1073	       968
      1000	     90000	       979	      1005
     10000	     90000	      1094	       883
        10	    100000	      1111	      1064
       100	    100000	      1064	       955
      1000	    100000	      1208	      1020
     10000	    100000	      1165	       974
        10	    110000	      1071	      1267
       100	    110000	      1053	       981
      1000	    110000	      1083	       981
     10000	    110000	      1109	      1055
        10	    120000	      1171	       975
       100	    120000	      1194	       932
      1000	    120000	      1208	       953
     10000	    120000	      1213	       964
        10	    130000	      1082	      1231
       100	    130000	      1080	      1431
      1000	    130000	      1085	      1324
     10000	    130000	      1256	      1366
        10	    140000	      1434	      1610
       100	    140000	      1718	      1486
      1000	    140000	      1987	      1333
     10000	    140000	      2204	      1375
        10	    150000	      1561	      1361
       100	    150000	      1609	      1348
      1000	    150000	      1727	      1462
     10000	    150000	      1590	      1377
        10	    160000	      1668	      1469
       100	    160000	      1725	      1421
      1000	    160000	      1762	      1437
     10000	    160000	      1757	      1422
        10	    170000	      1754	      1507
       100	    170000	      1769	      1586
      1000	    170000	      1763	      1630
     10000	    170000	      1688	      1486
        10	    180000	      1724	      3509
       100	    180000	      1608	      2716
      1000	    180000	      1975	      2309
     10000	    180000	      2075	      2013
        10	    190000	      2583	      1721
       100	    190000	      2545	      1722
      1000	    190000	      2104	      1609
     10000	    190000	      1902	      2129
        10	    200000	      2534	      1584
       100	    200000	      2380	      1545
      1000	    200000	      1943	      1899
     10000	    200000	      2003	      2069
    100000	    200000	      2262	      2648
        10	    210000	      2443	      1617
       100	    210000	      2155	      5240
      1000	    210000	      2165	      1929
     10000	    210000	      2072	      1855
    100000	    210000	      2450	      2474
        10	    220000	      2102	      1727
       100	    220000	      2666	      1706
      1000	    220000	      2270	      1699
     10000	    220000	      2323	      1712
    100000	    220000	      2445	      2091
        10	    230000	      1882	      1719
       100	    230000	      2180	      1827
      1000	    230000	      2266	      1974
     10000	    230000	      2178	      1824
    100000	    230000	      2266	      2155
        10	    240000	      2069	      2062
       100	    240000	      2131	      2060
      1000	    240000	      2131	      2120
     10000	    240000	      2265	      2076
    100000	    240000	      2662	      2476
        10	    250000	      2300	      1883
       100	    250000	      2042	      1983
      1000	    250000	      2571	      2142
     10000	    250000	      2822	      1887
    100000	    250000	      2487	      2146
        10	    260000	      2201	      2009
       100	    260000	      2882	      2013
      1000	    260000	      2707	      1999
     10000	    260000	      2821	      1970
    100000	    260000	      2798	      2272
        10	    270000	      2167	      1975
       100	    270000	      2392	      1961
      1000	    270000	      2172	      2121
     10000	    270000	      2273	      1889
    100000	    270000	      2589	      2274
        10	    280000	      2290	      2041
       100	    280000	      2672	      2144
      1000	    280000	      2216	      2022
     10000	    280000	      2300	      1993
    100000	    280000	      2614	      1952
        10	    290000	      3109	      2223
       100	    290000	      2424	      2172
      1000	    290000	      2436	      2315
     10000	    290000	      2589	      2156
    100000	    290000	      2936	      2382
        10	    300000	      2410	      2239
       100	    300000	      2509	      2174
      1000	    300000	      2418	      2206
     10000	    300000	      2467	      2114
    100000	    300000	      2953	      2057
        10	    310000	      2549	      2411
       100	    310000	      2504	      2921
      1000	    310000	      2517	      2702
     10000	    310000	      2563	      2409
    100000	    310000	      3256	      2474
        10	    320000	      3032	      2550
       100	    320000	      2924	      2581
      1000	    320000	      2847	      2534
     10000	    320000	      2972	      2389
    100000	    320000	      3328	      2290
        10	    330000	      2936	      3051
       100	    330000	      2787	      2602
      1000	    330000	      2906	      2726
     10000	    330000	      2862	      2863
    100000	    330000	      3407	      2267
        10	    340000	      2891	      2827
       100	    340000	      2914	      2959
      1000	    340000	      2906	      2534
     10000	    340000	      2924	      2516
    100000	    340000	      3357	      2672
        10	    350000	      3110	      2823
       100	    350000	      3397	      2943
      1000	    350000	      2891	      2988
     10000	    350000	      2882	      2887
    100000	    350000	      3814	      2493
        10	    360000	      3260	      2836
       100	    360000	      3050	      2849
      1000	    360000	      3016	      2810
     10000	    360000	      3103	      2612
    100000	    360000	      3897	      4052
        10	    370000	      3396	      3072
       100	    370000	      3094	      3012
      1000	    370000	      3111	      3657
     10000	    370000	      3392	      3447
    100000	    370000	      3675	      3526
        10	    380000	      4492	      3635
       100	    380000	      3890	      3738
      1000	    380000	      4097	      3465
     10000	    380000	      3972	      3576
    100000	    380000	      4662	      3496
        10	    390000	      3822	      3110
       100	    390000	      4292	      3510
      1000	    390000	      4071	      3676
     10000	    390000	      3940	      3870
    100000	    390000	      4538	      4239
        10	    400000	      4648	      3750
       100	    400000	      4098	      3883
      1000	    400000	      4050	      3894
     10000	    400000	      4281	      3927
    100000	    400000	      5218	      3271
        10	    410000	      4781	      4072
       100	    410000	      4147	      4499
      1000	    410000	      4190	      3863
     10000	    410000	      4260	      3835
    100000	    410000	      5005	      3587
        10	    420000	      4191	      4014
       100	    420000	      4242	      3958
      1000	    420000	      4528	      3938
     10000	    420000	      4268	      3856
    100000	    420000	      5335	      3339
        10	    430000	      4609	      4035
       100	    430000	      4280	      3952
      1000	    430000	      4305	      4161
     10000	    430000	      4784	      4190
    100000	    430000	      5601	      3104
        10	    440000	      3640	      3183
       100	    440000	      3634	      3578
      1000	    440000	      3593	      3415
     10000	    440000	      3657	      3172
    100000	    440000	      4495	      4406
        10	    450000	      3732	      3483
       100	    450000	      3570	      3488
      1000	    450000	      3603	      3488
     10000	    450000	      3771	      3230
    100000	    450000	      6241	      2915
        10	    460000	      4087	      3705
       100	    460000	      4122	      3963
      1000	    460000	      3929	      3356
     10000	    460000	      3889	      3131
    100000	    460000	      4531	      2883
        10	    470000	      4121	      3415
       100	    470000	      3863	      3591
      1000	    470000	      3756	      3428
     10000	    470000	      3873	      3560
    100000	    470000	      4523	      3102
        10	    480000	      4361	      3789
       100	    480000	      4031	      3821
      1000	    480000	      3854	      3774
     10000	    480000	      4190	      3442
    100000	    480000	      5282	      2965
        10	    490000	      4168	      3791
       100	    490000	      4066	      3785
      1000	    490000	      4265	      3775
     10000	    490000	      4294	      3548
    100000	    490000	      4960	      3201
        10	    500000	      4851	      4548
       100	    500000	      4150	      3915
      1000	    500000	      5292	      3922
     10000	    500000	      5370	      3613
    100000	    500000	      6059	      2929
        10	    510000	      4279	      3981
       100	    510000	      4273	      4065
      1000	    510000	      4299	      5119
     10000	    510000	      4789	      3700
    100000	    510000	      5962	      3009
        10	    520000	      4314	      3922
       100	    520000	      4218	      4016
      1000	    520000	      4367	      3992
     10000	    520000	      4308	      3927
    100000	    520000	      6240	      4653
        10	    530000	      4560	      4016
       100	    530000	      4418	      4043
      1000	    530000	      4431	      4024
     10000	    530000	      4599	      3781
    100000	    530000	      5324	      2959
        10	    540000	      4766	      4112
       100	    540000	      4327	      4052
      1000	    540000	      4375	      4293
     10000	    540000	      4432	      3887
    100000	    540000	      5357	      3143
        10	    550000	      4443	      3994
       100	    550000	      4681	      4104
      1000	    550000	      4649	      4247
     10000	    550000	      4506	      3833
    100000	    550000	      5390	      3228
        10	    560000	      6429	      4436
       100	    560000	      4558	      4349
      1000	    560000	      4838	      4334
     10000	    560000	      7258	      4708
    100000	    560000	      6702	      3331
        10	    570000	      5642	      6975
       100	    570000	      5419	      7327
      1000	    570000	      5104	      5844
     10000	    570000	      4924	      4897
    100000	    570000	      5624	      3611
        10	    580000	      5033	      4576
       100	    580000	      4937	      4393
      1000	    580000	      4835	      4872
     10000	    580000	      4844	      4618
    100000	    580000	      5994	      3101
        10	    590000	      5248	      4720
       100	    590000	      4999	      4406
      1000	    590000	      4761	      4309
     10000	    590000	      4900	      4055
    100000	    590000	      5899	      3261
        10	    600000	      5592	      5951
       100	    600000	      5678	      5607
      1000	    600000	      6050	      5472
     10000	    600000	      5042	      5170
    100000	    600000	      8548	      4047
        10	    610000	      6253	      7378
       100	    610000	      5824	      5888
      1000	    610000	      6291	      6584
     10000	    610000	      5998	      5044
    100000	    610000	     13170	      6565
        10	    620000	      6094	      5024
       100	    620000	      5932	      5269
      1000	    620000	      5163	      4764
     10000	    620000	      5311	      5005
    100000	    620000	      6269	      3920
        10	    630000	      6913	      5073
       100	    630000	      6269	      4941
      1000	    630000	      6081	      4950
     10000	    630000	      6360	      4684
    100000	    630000	      6850	      3833
        10	    640000	      6346	      5378
       100	    640000	      6021	      5713
      1000	    640000	      5401	      5853
     10000	    640000	      6858	      5597
    100000	    640000	      7508	      5674
        10	    650000	      6730	      6454
       100	    650000	      6051	      5708
      1000	    650000	      5393	      5458
     10000	    650000	      5830	      4502
    100000	    650000	     13824	      3463
        10	    660000	      5436	      5185
       100	    660000	      7065	      5390
      1000	    660000	      6136	      5024
     10000	    660000	      5939	      4717
    100000	    660000	      8068	      3832
        10	    670000	      6571	      5173
       100	    670000	      6351	      5349
      1000	    670000	     10791	      5449
     10000	    670000	      7218	      5358
    100000	    670000	      9092	      3627
        10	    680000	      6455	      5152
       100	    680000	      5503	      5147
      1000	    680000	      5652	      5107
     10000	    680000	      5762	      4730
    100000	    680000	      7057	      3496
        10	    690000	      6004	      5418
       100	    690000	      6291	      5321
      1000	    690000	      5599	      5263
     10000	    690000	      6693	      4705
    100000	    690000	      7520	      4389
        10	    700000	      6633	      5155
       100	    700000	      6350	      5260
      1000	    700000	      5891	      5263
     10000	    700000	      5731	      5005
    100000	    700000	      6848	      5896
        10	    710000	      6572	      5364
       100	    710000	      6827	      5297
      1000	    710000	      5848	      5172
     10000	    710000	      5939	      5496
    100000	    710000	      6990	      3480
        10	    720000	      6208	      5540
       100	    720000	      5914	      5281
      1000	    720000	      6862	      5335
     10000	    720000	      6988	      4886
    100000	    720000	      8134	      5119
        10	    730000	      7767	      5491
       100	    730000	      6109	      5599
      1000	    730000	      6033	      5431
     10000	    730000	      5563	      4963
    100000	    730000	      7467	      3825
        10	    740000	      6256	      5529
       100	    740000	      6163	      5289
      1000	    740000	      5984	      5582
     10000	    740000	      6286	      5099
    100000	    740000	      7421	      3755
        10	    750000	      6046	      5648
       100	    750000	      6214	      5554
      1000	    750000	      6034	      5797
     10000	    750000	      6221	      4961
    100000	    750000	      7525	      4103
        10	    760000	      6121	      5887
       100	    760000	      6207	      5716
      1000	    760000	      6254	      6021
     10000	    760000	      6343	      4842
    100000	    760000	      7463	      3967
        10	    770000	      6259	      5739
       100	    770000	      6249	      5700
      1000	    770000	      6183	      5674
     10000	    770000	      6430	      5268
    100000	    770000	      7561	      4029
        10	    780000	      6109	      5561
       100	    780000	      6452	      5592
      1000	    780000	      6575	      5808
     10000	    780000	      6273	      5281
    100000	    780000	      7453	      4356
        10	    790000	      6558	      5916
       100	    790000	      6208	      5877
      1000	    790000	      6579	      5759
     10000	    790000	      6667	      5692
    100000	    790000	      8091	      6239
        10	    800000	      6925	      5909
       100	    800000	      6418	      6124
      1000	    800000	      7042	      5819
     10000	    800000	      6603	      5652
    100000	    800000	      8095	      3826
        10	    810000	      6785	      6987
       100	    810000	      6349	      6582
      1000	    810000	      6817	      6325
     10000	    810000	      8167	      6023
    100000	    810000	     12292	      4412
        10	    820000	      7786	      7705
       100	    820000	      7488	      7743
      1000	    820000	      7752	      7319
     10000	    820000	     11848	      6087
    100000	    820000	     14701	      4500
        10	    830000	      9991	      7465
       100	    830000	     12979	      6303
      1000	    830000	     10516	      7258
     10000	    830000	      9296	      6709
    100000	    830000	      8387	      4963
        10	    840000	      9502	      6500
       100	    840000	      7103	      7228
      1000	    840000	      7387	      6714
     10000	    840000	      8408	      7047
    100000	    840000	      8872	      5024
        10	    850000	      8763	      6607
       100	    850000	      7704	      6754
      1000	    850000	      7183	      6488
     10000	    850000	      7337	      6225
    100000	    850000	      8717	      4593
        10	    860000	     10745	      6696
       100	    860000	      7077	      6589
      1000	    860000	      7379	      6672
     10000	    860000	     10674	      6376
    100000	    860000	      8673	      4895
        10	    870000	      8506	      6748
       100	    870000	      7513	      6748
      1000	    870000	      8846	     11788
     10000	    870000	      9236	      8759
    100000	    870000	      9916	      5522
        10	    880000	      8569	      8808
       100	    880000	      7365	      6863
      1000	    880000	      7281	      7087
     10000	    880000	      7036	      6230
    100000	    880000	      9077	      6847
        10	    890000	      9125	      6761
       100	    890000	      7168	      6750
      1000	    890000	      7372	      6799
     10000	    890000	      7605	      6850
    100000	    890000	      8861	      4351
        10	    900000	      9162	      9340
       100	    900000	      7701	      8637
      1000	    900000	      7259	      8353
     10000	    900000	      8292	      6655
    100000	    900000	     10636	      4830
        10	    910000	      9301	      7094
       100	    910000	      8935	      7059
      1000	    910000	      8697	      6986
     10000	    910000	      7744	      6285
    100000	    910000	      9457	      4734
        10	    920000	      7737	      7015
       100	    920000	      7432	      6949
      1000	    920000	      7412	      6823
     10000	    920000	      8100	      6922
    100000	    920000	      9978	      4627
        10	    930000	      8012	      7185
       100	    930000	      8050	      7263
      1000	    930000	      7503	      6990
     10000	    930000	      8023	      6440
    100000	    930000	      9354	      4988
        10	    940000	      9843	      7231
       100	    940000	      7843	      7379
      1000	    940000	      8230	      7561
     10000	    940000	      9271	      6953
    100000	    940000	      9468	      4663
        10	    950000	      8424	      7110
       100	    950000	      7674	      7124
      1000	    950000	      7631	      7259
     10000	    950000	      8339	      7028
    100000	    950000	      9436	      4824
        10	    960000	      8110	      7005
       100	    960000	      7969	      6970
      1000	    960000	      7936	      7496
     10000	    960000	      8057	      6477
    100000	    960000	      9527	      4815
        10	    970000	      8443	      6878
       100	    970000	      7764	      6950
      1000	    970000	      7662	      7749
     10000	    970000	      7802	      6771
    100000	    970000	      9316	      5000
        10	    980000	      8224	      7390
       100	    980000	      8092	      7607
      1000	    980000	      9799	      7526
     10000	    980000	      8124	      7549
    100000	    980000	      9661	      5412
        10	    990000	      8848	      7352
       100	    990000	      8431	      6916
      1000	    990000	      8399	      7503
     10000	    990000	      8036	      7591
    100000	    990000	      9697	      4822
        10	   1000000	      8492	      7875
       100	   1000000	      8015	      7694
      1000	   1000000	      8386	      7725
     10000	   1000000	      7975	      6938
    100000	   1000000	     10130	      5087
