//            PatSize	     Ratio
               10000	  0.089800
               20000	  0.064600
               30000	  0.023567
               40000	  0.013325
               50000	  0.012160
               60000	  0.012650
               70000	  0.010643
               80000	  0.011075
               90000	  0.011133
              100000	  0.011860
              110000	  0.009809
              120000	  0.009483
              130000	  0.010315
              140000	  0.009479
              150000	  0.009613
              160000	  0.010331
              170000	  0.009259
              180000	  0.009500
              190000	  0.008884
              200000	  0.009225
              210000	  0.011695
              220000	  0.009618
              230000	  0.012635
              240000	  0.009283
              250000	  0.009248
              260000	  0.009788
              270000	  0.011167
              280000	  0.015171
              290000	  0.008190
              300000	  0.008943
              310000	  0.007923
              320000	  0.008769
              330000	  0.009970
              340000	  0.009900
              350000	  0.008020
              360000	  0.012764
              370000	  0.009589
              380000	  0.008558
              390000	  0.008028
              400000	  0.008298
              410000	  0.009595
              420000	  0.007990
              430000	  0.008695
              440000	  0.008452
              450000	  0.008524
              460000	  0.008843
              470000	  0.008002
              480000	  0.008954
              490000	  0.009545
              500000	  0.009086
              510000	  0.010259
              520000	  0.009767
              530000	  0.009030
              540000	  0.029302
              550000	  0.009211
              560000	  0.011487
              570000	  0.008519
              580000	  0.009781
              590000	  0.008763
              600000	  0.008235
              610000	  0.008602
              620000	  0.008255
              630000	  0.008373
              640000	  0.007908
              650000	  0.008940
              660000	  0.009794
              670000	  0.009348
              680000	  0.017025
              690000	  0.011032
              700000	  0.008200
              710000	  0.009611
              720000	  0.013217
              730000	  0.009552
              740000	  0.009058
              750000	  0.008885
              760000	  0.009603
              770000	  0.009309
              780000	  0.018535
              790000	  0.010478
              800000	  0.009671
              810000	  0.007936
              820000	  0.008491
              830000	  0.009355
              840000	  0.009073
              850000	  0.008609
              860000	  0.008977
              870000	  0.008286
              880000	  0.007867
              890000	  0.009643
              900000	  0.008866
              910000	  0.008896
              920000	  0.008808
              930000	  0.007891
              940000	  0.008824
              950000	  0.009508
              960000	  0.008897
              970000	  0.008077
              980000	  0.007785
              990000	  0.007875
             1000000	  0.007729
Ignoring ratios before cross over point: 50000
Sorted ratios are: 
  0.007729,   0.007785,   0.007867,   0.007875,   0.007891, 
  0.007908,   0.007923,   0.007936,   0.007990,   0.008002, 
  0.008020,   0.008028,   0.008077,   0.008190,   0.008200, 
  0.008235,   0.008255,   0.008286,   0.008298,   0.008373, 
  0.008452,   0.008491,   0.008519,   0.008524,   0.008558, 
  0.008602,   0.008609,   0.008695,   0.008763,   0.008769, 
  0.008808,   0.008824,   0.008843,   0.008866,   0.008884, 
  0.008885,   0.008896,   0.008897,   0.008940,   0.008943, 
  0.008954,   0.008977,   0.009030,   0.009058,   0.009073, 
  0.009086,   0.009211,   0.009225,   0.009248,   0.009259, 
  0.009283,   0.009309,   0.009348,   0.009355,   0.009479, 
  0.009483,   0.009500,   0.009508,   0.009545,   0.009552, 
  0.009589,   0.009595,   0.009603,   0.009611,   0.009613, 
  0.009618,   0.009643,   0.009671,   0.009767,   0.009781, 
  0.009788,   0.009794,   0.009809,   0.009900,   0.009970, 
  0.010259,   0.010315,   0.010331,   0.010478,   0.010643, 
  0.011032,   0.011075,   0.011133,   0.011167,   0.011487, 
  0.011695,   0.011860,   0.012160,   0.012635,   0.012650, 
  0.012764,   0.013217,   0.013325,   0.015171,   0.017025
Maximum ratio is:   0.017025
Average ratio is:   0.009550
